99 0.00714 0.00428 0.00422 0.00399 0.00398 0.00448
198 0.00910 0.00892 0.00862 0.00867 0.00721 0.00892
297 0.01175 0.01138 0.01364 0.01031 0.01210 0.01169
396 0.01699 0.01484 0.01459 0.01650 0.01387 0.01625
495 0.01950 0.02420 0.02261 0.01830 0.01735 0.01934
594 0.02636 0.02383 0.02615 0.02454 0.02216 0.02548
693 0.03172 0.02871 0.02505 0.02433 0.02450 0.02765
792 0.03306 0.03131 0.03375 0.03235 0.03334 0.03101
891 0.03391 0.03675 0.03200 0.03613 0.03619 0.03444
990 0.04291 0.03819 0.03909 0.04007 0.03488 0.03850
1089 0.05007 0.05123 0.04514 0.04366 0.04079 0.04155
1188 0.04671 0.04648 0.04497 0.04854 0.04182 0.05276
1287 0.05408 0.04551 0.05300 0.05637 0.05160 0.05290
1386 0.06310 0.05727 0.06071 0.06082 0.05015 0.05377
1485 0.06144 0.05999 0.05733 0.06182 0.05802 0.06171
1584 0.06533 0.06851 0.06825 0.06461 0.06415 0.06541
1683 0.06948 0.07074 0.06938 0.07329 0.06852 0.07465
1782 0.07684 0.07512 0.07348 0.07092 0.07267 0.07651
1881 0.07901 0.07757 0.07916 0.07780 0.07400 0.08030
1980 0.08684 0.07648 0.08165 0.08286 0.07763 0.08200
2079 0.09282 0.08902 0.08670 0.08898 0.08222 0.08610
2178 0.09552 0.09307 0.08963 0.08947 0.08680 0.09017
2277 0.09616 0.09702 0.10008 0.09335 0.08706 0.09340
2376 0.09964 0.09784 0.10287 0.09758 0.09759 0.10015
2475 0.11018 0.10281 0.10104 0.10152 0.09399 0.09940
2574 0.11068 0.10218 0.10268 0.10821 0.09655 0.10413
2673 0.11042 0.10833 0.10797 0.11618 0.09681 0.11682
2772 0.11162 0.11424 0.11123 0.10858 0.10415 0.11256
2871 0.11101 0.11456 0.11007 0.10907 0.10953 0.11433
2970 0.12844 0.12040 0.12101 0.11558 0.11605 0.12087
3069 0.12395 0.11906 0.12977 0.12611 0.11116 0.11852
3168 0.12962 0.13199 0.13457 0.12708 0.11795 0.12755
3267 0.14077 0.13739 0.13536 0.14074 0.13211 0.13752
3366 0.14471 0.14256 0.13697 0.14987 0.13839 0.14151
3465 0.14517 0.14261 0.15169 0.15131 0.13643 0.15059
3564 0.15306 0.14908 0.14983 0.14771 0.14336 0.15009
3663 0.16499 0.16093 0.15500 0.16026 0.14173 0.16030
3762 0.16246 0.15914 0.15719 0.16158 0.13683 0.15283
3861 0.16211 0.14762 0.15318 0.15382 0.14907 0.17224
3960 0.17836 0.16655 0.16253 0.16002 0.14115 0.15954
4059 0.17131 0.16033 0.16181 0.16929 0.14738 0.16377
4158 0.17380 0.16499 0.16642 0.16965 0.14371 0.16800
4257 0.17026 0.16575 0.17308 0.16937 0.15423 0.16916
4356 0.18591 0.18528 0.18417 0.19196 0.17074 0.18392
4455 0.19267 0.19367 0.19413 0.18953 0.17283 0.19363
4554 0.20093 0.19393 0.19613 0.18777 0.17908 0.19946
4653 0.19757 0.20083 0.20142 0.19912 0.18237 0.19574
4752 0.21068 0.20345 0.20376 0.19651 0.17749 0.19496
4851 0.20375 0.19671 0.20061 0.19757 0.17764 0.20237
4950 0.20040 0.20892 0.19618 0.20182 0.18712 0.20169
5049 0.22040 0.20380 0.20448 0.20604 0.18315 0.20286
5148 0.21550 0.20761 0.19949 0.20796 0.20129 0.22143
5247 0.23836 0.22652 0.22403 0.22907 0.20816 0.22323
5346 0.23765 0.23512 0.23330 0.23152 0.21658 0.23045
5445 0.23899 0.23485 0.24146 0.24096 0.22169 0.24680
5544 0.25047 0.23518 0.23009 0.23136 0.20648 0.23186
5643 0.22789 0.23336 0.25282 0.23584 0.21566 0.23122
5742 0.23431 0.23780 0.23999 0.24367 0.21945 0.24441
5841 0.26292 0.24676 0.23941 0.24545 0.22649 0.25042
5940 0.30748 0.28662 0.28045 0.28287 0.25718 0.28384
6039 0.28405 0.28018 0.29030 0.29803 0.27057 0.29096
6138 0.30916 0.30959 0.29351 0.29482 0.27427 0.26257
6237 0.28056 0.26251 0.27211 0.26734 0.24918 0.26550
6336 0.27402 0.26553 0.27295 0.27496 0.25683 0.27233
6435 0.28138 0.27036 0.27323 0.27196 0.25388 0.27908
6534 0.31954 0.32034 0.32730 0.32667 0.29933 0.32874
6633 0.34980 0.32583 0.33227 0.32978 0.31002 0.33055
6732 0.34671 0.33333 0.33708 0.30319 0.27275 0.29569
6831 0.30112 0.30011 0.29432 0.31857 0.27744 0.30175
6930 0.32006 0.30173 0.29874 0.30656 0.27726 0.30042
7029 0.30650 0.30409 0.32811 0.35504 0.32415 0.35116
7128 0.36856 0.35325 0.35864 0.35997 0.33797 0.36145
7227 0.36634 0.36417 0.37556 0.36677 0.32595 0.31859
7326 0.37642 0.32758 0.32385 0.34422 0.29985 0.32418
7425 0.36449 0.32042 0.32897 0.35736 0.34058 0.34118
7524 0.34496 0.34170 0.38185 0.38254 0.35976 0.38884
7623 0.41491 0.37919 0.38927 0.39502 0.36592 0.39322
7722 0.40473 0.39250 0.37400 0.34382 0.31753 0.34255
7821 0.35714 0.33819 0.35207 0.38876 0.32305 0.34106
7920 0.35638 0.33604 0.35471 0.34809 0.32652 0.38098
8019 0.40944 0.40440 0.40442 0.40763 0.37690 0.40753
8118 0.41132 0.40608 0.41090 0.40550 0.37875 0.38815
8217 0.37517 0.35427 0.36202 0.36305 0.34040 0.36064
8316 0.37556 0.35876 0.36312 0.36958 0.34067 0.36277
8415 0.39009 0.40826 0.43496 0.43272 0.39635 0.42507
8514 0.44357 0.42591 0.42773 0.43308 0.40381 0.43726
8613 0.44653 0.38082 0.37953 0.37153 0.34717 0.37400
8712 0.38963 0.38322 0.38127 0.38344 0.34627 0.38284
8811 0.39095 0.38862 0.39672 0.43502 0.41347 0.46183
8910 0.47091 0.45733 0.47253 0.49827 0.46113 0.49882
9009 0.51422 0.43574 0.41662 0.43092 0.37391 0.39878
9108 0.42730 0.40369 0.40616 0.40632 0.37167 0.39215
9207 0.40330 0.41039 0.46413 0.46975 0.42965 0.45951
9306 0.49072 0.46544 0.46801 0.46824 0.42732 0.45897
9405 0.49771 0.47410 0.55296 0.41788 0.38387 0.41808
9504 0.45144 0.41755 0.42036 0.42210 0.39603 0.41084
9603 0.46243 0.47943 0.48710 0.50612 0.48775 0.48342
9702 0.49587 0.50253 0.49747 0.48426 0.42547 0.42745
9801 0.45126 0.47204 0.43390 0.43130 0.39740 0.43929
9900 0.44976 0.49487 0.43930 0.44832 0.49028 0.65735
9999 0.51924 0.51106 0.50984 0.52727 0.53450 0.66039
