999 0.0009 0.0009 0.0009
1998 0.0018 0.0010 0.0010
2997 0.0017 0.0014 0.0016
3996 0.0018 0.0019 0.0019
4995 0.0024 0.0024 0.0025
5994 0.0030 0.0029 0.0030
6993 0.0036 0.0035 0.0035
7992 0.0037 0.0032 0.0040
8991 0.0047 0.0042 0.0038
9990 0.0050 0.0049 0.0048
10989 0.0053 0.0052 0.0048
11988 0.0052 0.0053 0.0058
12987 0.0059 0.0057 0.0056
13986 0.0062 0.0051 0.0059
14985 0.0069 0.0055 0.0063
15984 0.0069 0.0066 0.0074
16983 0.0077 0.0073 0.0068
17982 0.0073 0.0077 0.0076
18981 0.0082 0.0080 0.0083
19980 0.0082 0.0085 0.0087
20979 0.0091 0.0087 0.0093
21978 0.0097 0.0092 0.0121
22977 0.0113 0.0094 0.0095
23976 0.0108 0.0104 0.0108
24975 0.0115 0.0111 0.0118
25974 0.0121 0.0111 0.0117
26973 0.0129 0.0117 0.0122
27972 0.0123 0.0115 0.0124
28971 0.0122 0.0123 0.0131
29970 0.0142 0.0120 0.0132
30969 0.0143 0.0128 0.0135
31968 0.0138 0.0139 0.0142
32967 0.0154 0.0135 0.0153
33966 0.0156 0.0141 0.0152
34965 0.0167 0.0143 0.0156
35964 0.0155 0.0155 0.0156
36963 0.0169 0.0150 0.0169
37962 0.0165 0.0162 0.0169
38961 0.0178 0.0169 0.0168
39960 0.0185 0.0164 0.0178
40959 0.0189 0.0171 0.0181
41958 0.0187 0.0177 0.0195
42957 0.0192 0.0180 0.0188
43956 0.0195 0.0183 0.0186
44955 0.0210 0.0188 0.0197
45954 0.0211 0.0192 0.0209
46953 0.0223 0.0195 0.0209
47952 0.0232 0.0210 0.0239
48951 0.0260 0.0196 0.0205
49950 0.0226 0.0201 0.0230
50949 0.0238 0.0211 0.0222
51948 0.0229 0.0222 0.0231
52947 0.0237 0.0220 0.0240
53946 0.0248 0.0233 0.0240
54945 0.0255 0.0245 0.0262
55944 0.0291 0.0269 0.0283
56943 0.0310 0.0255 0.0286
57942 0.0302 0.0271 0.0248
58941 0.0250 0.0247 0.0257
59940 0.0278 0.0252 0.0270
60939 0.0273 0.0257 0.0275
61938 0.0279 0.0272 0.0283
62937 0.0274 0.0264 0.0296
63936 0.0303 0.0283 0.0284
64935 0.0300 0.0271 0.0283
65934 0.0292 0.0276 0.0290
66933 0.0310 0.0290 0.0301
67932 0.0298 0.0288 0.0299
68931 0.0298 0.0297 0.0313
69930 0.0307 0.0294 0.0309
70929 0.0318 0.0297 0.0318
71928 0.0311 0.0309 0.0317
72927 0.0321 0.0304 0.0323
73926 0.0328 0.0307 0.0326
74925 0.0351 0.0313 0.0334
75924 0.0342 0.0316 0.0332
76923 0.0336 0.0328 0.0342
77922 0.0362 0.0330 0.0343
78921 0.0375 0.0332 0.0359
79920 0.0374 0.0326 0.0349
80919 0.0358 0.0339 0.0362
81918 0.0368 0.0342 0.0379
82917 0.0375 0.0362 0.0359
83916 0.0387 0.0361 0.0367
84915 0.0386 0.0367 0.0374
85914 0.0383 0.0369 0.0384
86913 0.0397 0.0372 0.0409
87912 0.0422 0.0383 0.0396
88911 0.0404 0.0381 0.0405
89910 0.0395 0.0386 0.0415
90909 0.0401 0.0389 0.0408
91908 0.0427 0.0387 0.0414
92907 0.0439 0.0400 0.0416
93906 0.0442 0.0394 0.0419
94905 0.0425 0.0404 0.0421
95904 0.0437 0.0410 0.0434
96903 0.0428 0.0412 0.0432
97902 0.0456 0.0414 0.0434
98901 0.0433 0.0411 0.0435
99900 0.0449 0.0416 0.0452
