5000 0.0012 0.0000
10000 0.0024 0.0001
15000 0.0023 0.0001
20000 0.0029 0.0001
25000 0.0037 0.0001
30000 0.0043 0.0001
35000 0.0043 0.0001
40000 0.0045 0.0001
45000 0.0054 0.0002
50000 0.0058 0.0002
55000 0.0052 0.0002
60000 0.0063 0.0002
65000 0.0069 0.0002
70000 0.0075 0.0002
75000 0.0071 0.0002
80000 0.0082 0.0003
85000 0.0081 0.0002
90000 0.0083 0.0003
95000 0.0084 0.0003
100000 0.0092 0.0003
105000 0.0097 0.0003
110000 0.0102 0.0003
115000 0.0109 0.0003
120000 0.0115 0.0003
125000 0.0117 0.0004
130000 0.0120 0.0004
135000 0.0131 0.0005
140000 0.0140 0.0005
145000 0.0142 0.0005
150000 0.0138 0.0005
155000 0.0141 0.0004
160000 0.0159 0.0006
165000 0.0182 0.0007
170000 0.0190 0.0007
175000 0.0184 0.0008
180000 0.0188 0.0006
185000 0.0175 0.0006
190000 0.0180 0.0006
195000 0.0195 0.0006
200000 0.0197 0.0007
205000 0.0190 0.0007
210000 0.0194 0.0006
215000 0.0197 0.0006
220000 0.0214 0.0008
225000 0.0209 0.0006
230000 0.0222 0.0008
235000 0.0232 0.0007
240000 0.0226 0.0007
245000 0.0229 0.0007
250000 0.0233 0.0007
255000 0.0249 0.0008
260000 0.0256 0.0007
265000 0.0250 0.0008
270000 0.0249 0.0008
275000 0.0253 0.0008
280000 0.0292 0.0008
285000 0.0270 0.0008
290000 0.0264 0.0010
295000 0.0310 0.0009
300000 0.0307 0.0010
305000 0.0284 0.0009
310000 0.0282 0.0009
315000 0.0326 0.0011
320000 0.0363 0.0012
325000 0.0309 0.0009
330000 0.0316 0.0009
335000 0.0324 0.0011
340000 0.0316 0.0010
345000 0.0321 0.0010
350000 0.0322 0.0010
355000 0.0324 0.0010
360000 0.0332 0.0012
365000 0.0336 0.0010
370000 0.0343 0.0011
375000 0.0347 0.0011
380000 0.0347 0.0013
385000 0.0351 0.0011
390000 0.0359 0.0013
395000 0.0358 0.0011
400000 0.0376 0.0011
405000 0.0378 0.0012
410000 0.0387 0.0013
415000 0.0406 0.0012
420000 0.0399 0.0013
425000 0.0398 0.0014
430000 0.0395 0.0014
435000 0.0401 0.0014
440000 0.0407 0.0013
445000 0.0406 0.0013
450000 0.0440 0.0017
455000 0.0486 0.0013
460000 0.0435 0.0015
465000 0.0504 0.0017
470000 0.0498 0.0015
475000 0.0466 0.0015
480000 0.0493 0.0017
485000 0.0518 0.0017
490000 0.0471 0.0017
495000 0.0460 0.0014
500000 0.0465 0.0014
505000 0.0474 0.0016
510000 0.0473 0.0015
515000 0.0473 0.0015
520000 0.0515 0.0019
525000 0.0523 0.0015
530000 0.0591 0.0016
535000 0.0507 0.0015
540000 0.0518 0.0015
545000 0.0518 0.0016
550000 0.0563 0.0016
555000 0.0511 0.0016
560000 0.0526 0.0017
565000 0.0519 0.0017
570000 0.0528 0.0016
575000 0.0525 0.0016
580000 0.0537 0.0019
585000 0.0538 0.0017
590000 0.0539 0.0018
595000 0.0561 0.0017
600000 0.0553 0.0017
605000 0.0561 0.0017
610000 0.0572 0.0022
615000 0.0697 0.0023
620000 0.0690 0.0023
625000 0.0709 0.0023
630000 0.0661 0.0019
635000 0.0630 0.0023
640000 0.0634 0.0024
645000 0.0615 0.0018
650000 0.0612 0.0020
655000 0.0608 0.0022
660000 0.0608 0.0019
665000 0.0617 0.0019
670000 0.0616 0.0019
675000 0.0616 0.0021
680000 0.0632 0.0019
685000 0.0644 0.0022
690000 0.0652 0.0020
695000 0.0776 0.0021
700000 0.0673 0.0023
705000 0.0650 0.0022
710000 0.0656 0.0020
715000 0.0684 0.0022
720000 0.0663 0.0021
725000 0.0670 0.0021
730000 0.0679 0.0021
735000 0.0706 0.0021
740000 0.0678 0.0021
745000 0.0691 0.0021
750000 0.0698 0.0024
755000 0.0696 0.0023
760000 0.0710 0.0022
765000 0.0710 0.0022
770000 0.0761 0.0023
775000 0.0743 0.0022
780000 0.0726 0.0022
785000 0.0721 0.0022
790000 0.0729 0.0022
795000 0.0738 0.0024
800000 0.0740 0.0023
805000 0.0739 0.0023
810000 0.0745 0.0024
815000 0.0783 0.0023
820000 0.0763 0.0025
825000 0.0756 0.0023
830000 0.0777 0.0026
835000 0.0784 0.0026
840000 0.0773 0.0025
845000 0.0776 0.0024
850000 0.0795 0.0024
855000 0.0798 0.0024
860000 0.0788 0.0023
865000 0.0807 0.0025
870000 0.0804 0.0025
875000 0.0816 0.0027
880000 0.0805 0.0027
885000 0.0843 0.0026
890000 0.0835 0.0027
895000 0.0842 0.0025
900000 0.0829 0.0029
905000 0.0833 0.0026
910000 0.0836 0.0033
915000 0.0845 0.0026
920000 0.0860 0.0028
925000 0.0868 0.0026
930000 0.0862 0.0027
935000 0.0863 0.0028
940000 0.0873 0.0027
945000 0.0867 0.0027
950000 0.0884 0.0029
955000 0.0889 0.0029
960000 0.0903 0.0029
965000 0.0934 0.0032
970000 0.0904 0.0028
975000 0.0901 0.0030
980000 0.0909 0.0028
985000 0.0920 0.0028
990000 0.0918 0.0028
995000 0.0908 0.0030
